1.580429859728610609e+00 1.426106496920105517e+08 1.197330276686171237e+04
1.580962979467585683e+00 1.426289649774755239e+08 1.197401851187098146e+04
1.581140686044818722e+00 1.426380481526305676e+08 1.197425144430603177e+04
1.581318392622051761e+00 1.426441666177483797e+08 1.197485514517496085e+04
1.581496099199284799e+00 1.426472338437762558e+08 1.197488677430909229e+04
1.581673805776517838e+00 1.426277502724103034e+08 1.197383012639266963e+04
1.581851512361026835e+00 1.426923023481672704e+08 1.197666720727669053e+04
1.582029218930983916e+00 1.426451279456879497e+08 1.197484547174241561e+04
1.582206925508216955e+00 1.426539368359003663e+08 1.197500359867303996e+04
1.582384632085449994e+00 1.426334195555347800e+08 1.197437004538827023e+04
1.582562338669958990e+00 1.426374027320302725e+08 1.197426619270088668e+04
1.582740045247192029e+00 1.426521828758590221e+08 1.197513547523780107e+04
1.582917751817149110e+00 1.426424326496950090e+08 1.197472607635347595e+04
1.583095458401658107e+00 1.426165314302401841e+08 1.197365314204563583e+04
1.583273164978891145e+00 1.426353889610318244e+08 1.197426714865043141e+04
1.583450871556124184e+00 1.426305015325949490e+08 1.197402164559682933e+04
1.583628578126081266e+00 1.426208303677254915e+08 1.197371960362796199e+04
1.583806284703314304e+00 1.426201915988154411e+08 1.197360795839894672e+04
1.583983991287823301e+00 1.426532996287693381e+08 1.197503550720985368e+04
1.584161697865056340e+00 1.426612156346738935e+08 1.197541401758782013e+04
1.584339404435013421e+00 1.426443384166771472e+08 1.197479291022688994e+04
1.584517111019522417e+00 1.426799790965562761e+08 1.197625936706770517e+04
1.584694817596755456e+00 1.426074572608623207e+08 1.197331387652027297e+04
1.584872524173988495e+00 1.426318800416387022e+08 1.197426170906453081e+04
1.585050230743945576e+00 1.426746210427238345e+08 1.197598866523544530e+04
1.585227937328454573e+00 1.426292320467034578e+08 1.197425562533689299e+04
1.585405643905687612e+00 1.426356187015643120e+08 1.197460413686089487e+04
1.585583350482920650e+00 1.426291144167736769e+08 1.197454656887663987e+04
1.585761057052877732e+00 1.426511510796782672e+08 1.197527203116874443e+04
1.585938763637386728e+00 1.426103726324554980e+08 1.197353820914845528e+04
1.586116470214619767e+00 1.426639188994989693e+08 1.197560726427920054e+04
1.586294176784576848e+00 1.426155251833752394e+08 1.197376664829973743e+04
1.586471883369085845e+00 1.426205877229002118e+08 1.197388277385670699e+04
1.586649589946318883e+00 1.426303538625404239e+08 1.197401583300046877e+04
1.586827296516275965e+00 1.426369230229120255e+08 1.197457089391229238e+04
1.587005003093509004e+00 1.426245795315631628e+08 1.197408428518868641e+04
1.587182709678018000e+00 1.426478149927113950e+08 1.197488700842967228e+04
1.587360416247975081e+00 1.426493511782294810e+08 1.197535892465172037e+04
1.587538122825208120e+00 1.426364066194520295e+08 1.197460781216909709e+04
1.587715829402441159e+00 1.426223436845149398e+08 1.197382863858029850e+04
1.587893535979674198e+00 1.426464776782277226e+08 1.197477556792117139e+04
1.588071242556907237e+00 1.426561515630385280e+08 1.197528293090189254e+04
1.588248949134140275e+00 1.426693605822640061e+08 1.197575107359667527e+04
1.588426655711373314e+00 1.426430181385530829e+08 1.197469819698080391e+04
1.588604362288606353e+00 1.426513870927456319e+08 1.197525858508626152e+04
1.588782068858563434e+00 1.426385207896467745e+08 1.197443632636959592e+04
1.588959775435796473e+00 1.426445071252937615e+08 1.197500577756941129e+04
1.589137482013029512e+00 1.426435598839144111e+08 1.197471032618009122e+04
1.589315188590262551e+00 1.426485951683986783e+08 1.197495750169957500e+04
1.589492895167495590e+00 1.426160051848775744e+08 1.197359988884951053e+04
1.589670601737452671e+00 1.426119730074195862e+08 1.197334537900179748e+04
1.589848308321961667e+00 1.426338669060525596e+08 1.197433176124828606e+04
1.590026014899194706e+00 1.426622883349307477e+08 1.197572643334921850e+04
1.590203721469151787e+00 1.426617555395223200e+08 1.197552789472354925e+04
1.590381428046384826e+00 1.426627754281783700e+08 1.197555111068598490e+04
1.590559134623617865e+00 1.426468669536294341e+08 1.197492726476563075e+04
1.590736841200850904e+00 1.426367748445590138e+08 1.197448098862137158e+04
1.590914547770807985e+00 1.426621182732411623e+08 1.197573018132345533e+04
1.591092254348041024e+00 1.426624740500350296e+08 1.197560327950559804e+04
1.591269960932550021e+00 1.426490953213944137e+08 1.197494304221144193e+04
1.591447667502507102e+00 1.426230759013216794e+08 1.197392833870691902e+04
1.591625374079740141e+00 1.426275174399258196e+08 1.197411375035222409e+04
1.591803080656973179e+00 1.426615762332602143e+08 1.197561659079072160e+04
1.591980787234206218e+00 1.426199553155044913e+08 1.197396388922753067e+04
1.592158493804163300e+00 1.426641965749056339e+08 1.197565413722729500e+04
1.592336200381396338e+00 1.426451301136318445e+08 1.197485113186488525e+04
1.592513906958629377e+00 1.426509602450552285e+08 1.197516419463894999e+04
1.592691613535862416e+00 1.426648939941085875e+08 1.197571640260748063e+04
1.592869320105819497e+00 1.426058804855730236e+08 1.197335217412959901e+04
1.593047026683052536e+00 1.426335903464351892e+08 1.197448584332592327e+04
1.593224733260285575e+00 1.426425493030233383e+08 1.197471560821032654e+04
1.593402439837518614e+00 1.426327114970229864e+08 1.197443808403805633e+04
1.593580146407475695e+00 1.426425797055208087e+08 1.197472491258573609e+04
1.593757852984708734e+00 1.426417387342067659e+08 1.197467440899138273e+04
1.593935559561941773e+00 1.426369869551992118e+08 1.197448745601204973e+04
1.594113266139174812e+00 1.426122809543593824e+08 1.197354016943635179e+04
1.594290972709131893e+00 1.426558095247957110e+08 1.197536587385896564e+04
1.594468679286364932e+00 1.426157784963679910e+08 1.197362563547766513e+04
1.594646385863597970e+00 1.426628799256429076e+08 1.197561497535895796e+04
1.594824092440831009e+00 1.426360161486495137e+08 1.197454634355819871e+04
1.595001799010788091e+00 1.426365667955018580e+08 1.197470420984212979e+04
1.595179505588021129e+00 1.426208416379542649e+08 1.197382096279019061e+04
1.595357212165254168e+00 1.426153690960988104e+08 1.197377771718927579e+04
1.595534918735211249e+00 1.426104416204383373e+08 1.197347847677778554e+04
1.595712625312444288e+00 1.425617231659699678e+08 1.197136252968127883e+04
1.595890331889677327e+00 1.425855542243952751e+08 1.197261006957297468e+04
1.596068038466910366e+00 1.426227969832752943e+08 1.197406708487695141e+04
1.596245745036867447e+00 1.426469133626105487e+08 1.197500808828207300e+04
1.596423451606824528e+00 1.426407936855435669e+08 1.197460050445999514e+04
1.596601158191333525e+00 1.426275691025538146e+08 1.197423281111197502e+04
1.596778864761290606e+00 1.426306496393597722e+08 1.197440685205514637e+04
1.596956571338523645e+00 1.426247515590216517e+08 1.197404761930580571e+04
1.597134277915756684e+00 1.426334612592163682e+08 1.197438121492215942e+04
1.597311984485713765e+00 1.426522419481524229e+08 1.197520003141926463e+04
1.597489691062946804e+00 1.426241946113598645e+08 1.197425674467821773e+04
1.597667397632903885e+00 1.426425716852141321e+08 1.197485987275192201e+04
1.597845104202860966e+00 1.426049396323136687e+08 1.197345497414207239e+04
1.598022810787369963e+00 1.426438161976436377e+08 1.197482345789870851e+04
1.598200517357327044e+00 1.426129636064640880e+08 1.197366898501428295e+04
1.598378223934560083e+00 1.426338427787199616e+08 1.197442436955008816e+04
1.598555930511793122e+00 1.426227509125084281e+08 1.197393249895705594e+04
1.598733637081750203e+00 1.425925435340006649e+08 1.197279051038774560e+04
1.598911343658983242e+00 1.425775220057560503e+08 1.197207080508527724e+04
1.599089050228940323e+00 1.426001518703742027e+08 1.197310356624071210e+04
1.599266756806173362e+00 1.426107089718521833e+08 1.197353635344864415e+04
1.599444463383406401e+00 1.426087750860025883e+08 1.197345251936893510e+04
1.599622169953363482e+00 1.426352345040951371e+08 1.197451240423721902e+04
1.599799876523320563e+00 1.426386851383132041e+08 1.197481676735030123e+04
1.599977583100553602e+00 1.425905395471260846e+08 1.197271949413267066e+04
1.600155289677786641e+00 1.426357024540316164e+08 1.197463301662740014e+04
1.600332996247743722e+00 1.426190213843464851e+08 1.197373236473830548e+04
1.600510702824976761e+00 1.426456602307699919e+08 1.197478717651860279e+04
1.600688409402209800e+00 1.426291881692421436e+08 1.197436258773531154e+04
1.600866115972166881e+00 1.426221965682154298e+08 1.197416170027422777e+04
1.601043822542123962e+00 1.426282193456753790e+08 1.197420770842506499e+04
1.601221529119357001e+00 1.426365067093603909e+08 1.197455790901626642e+04
1.601399235696590040e+00 1.426350375594269335e+08 1.197457743430875598e+04
1.601576942266547121e+00 1.426148027132678032e+08 1.197376912964587245e+04
1.601754648836504202e+00 1.426490906785252690e+08 1.197510802835414324e+04
1.601932355421013199e+00 1.425938162736608982e+08 1.197269453895555125e+04
1.602110061990970280e+00 1.426200122294426858e+08 1.197395548381779554e+04
1.602287768560927361e+00 1.426301554811457694e+08 1.197435175330411221e+04
1.602465475130884442e+00 1.426379274737546146e+08 1.197460832414175093e+04
1.602643181708117481e+00 1.426481347985068560e+08 1.197508805692026181e+04
1.602820888285350520e+00 1.426220252169022560e+08 1.197405154942430818e+04
1.602998594855307601e+00 1.426188586220706105e+08 1.197402707922349509e+04
1.603176301425264683e+00 1.426174270123616755e+08 1.197386387137345628e+04
1.603354008002497721e+00 1.426196038341536820e+08 1.197390984842088437e+04
1.603531714579730760e+00 1.426636745055245459e+08 1.197584567807675921e+04
1.603709421149687842e+00 1.426556689945857525e+08 1.197561015975472765e+04
1.603887127726920880e+00 1.426463852378865480e+08 1.197487885981211366e+04
1.604064834296877962e+00 1.426317273689917922e+08 1.197464961240105367e+04
1.604242540866835043e+00 1.426319308507897854e+08 1.197461651875874304e+04
1.604420247444068082e+00 1.426371822614490092e+08 1.197469439858505211e+04
1.604597954021301121e+00 1.426352780746045411e+08 1.197459501854828886e+04
1.604775660591258202e+00 1.426084803962157667e+08 1.197346268440005588e+04
1.604953367161215283e+00 1.426240128191758990e+08 1.197423978293190521e+04
1.605131073731172364e+00 1.426340076770572662e+08 1.197448028498117128e+04
1.605308780308405403e+00 1.426408290349973440e+08 1.197504622556036702e+04
1.605486486885638442e+00 1.426106337254569829e+08 1.197375469417351451e+04
1.605664193455595523e+00 1.426438989695077837e+08 1.197495963543367179e+04
1.605841900032828562e+00 1.426126664929141700e+08 1.197368960618638084e+04
1.606019606602785643e+00 1.426099034266470075e+08 1.197350764574622553e+04
1.606197313172742724e+00 1.426191084762398005e+08 1.197398165392508417e+04
1.606375019742699806e+00 1.426298482767481208e+08 1.197453106539272267e+04
1.606552726312656887e+00 1.426121283728955090e+08 1.197358927120017142e+04
1.606730432897165883e+00 1.426225102801038921e+08 1.197392518515207848e+04
1.607085846037080046e+00 1.426039718141649961e+08 1.197319681948408834e+04
1.607263552614313085e+00 1.425966748821117878e+08 1.197316871422009353e+04
1.607441259184270166e+00 1.426277313432798982e+08 1.197437383937821323e+04
1.607618965754227247e+00 1.426399885325058997e+08 1.197483947171707405e+04
1.607796672324184328e+00 1.426171972257601917e+08 1.197394325812531315e+04
1.607974378901417367e+00 1.426524941680050790e+08 1.197541375623988279e+04
1.608152085471374448e+00 1.426197934310531020e+08 1.197402359238540339e+04
1.608329792041331530e+00 1.426079059469697475e+08 1.197368068176890847e+04
1.608507498611288611e+00 1.426193141339984536e+08 1.197402365662587181e+04
1.608685205195797607e+00 1.426701355260853767e+08 1.197605653598558274e+04
1.608862911765754689e+00 1.426265088657477796e+08 1.197422571216981669e+04
1.609040618335711770e+00 1.426679787170068324e+08 1.197594031567647653e+04
1.609218324912944809e+00 1.426339837718616128e+08 1.197458470349998424e+04
1.609396031482901890e+00 1.426609821215490103e+08 1.197569671474772804e+04
1.609573738052858971e+00 1.426297119515830874e+08 1.197442139634772684e+04
1.609929151200049091e+00 1.426079030684665740e+08 1.197347286276814339e+04
1.610106857770006172e+00 1.426176278089315593e+08 1.197376076843664850e+04
1.610284564339963254e+00 1.426329494247322679e+08 1.197459367236111211e+04
1.610462270909920335e+00 1.425842726925028563e+08 1.197266712795730382e+04
1.610639977487153374e+00 1.426441145099537373e+08 1.197515216337673701e+04
1.611173097204300575e+00 1.426276228530199826e+08 1.197431233717559189e+04
1.611350803774257656e+00 1.426330166549168825e+08 1.197462180791106584e+04
1.611528510344214737e+00 1.426091173844870925e+08 1.197354177286222148e+04
1.611706216914171819e+00 1.426374082279489040e+08 1.197457719302435908e+04
1.611883923484128900e+00 1.426125975875125825e+08 1.197366074079937607e+04
1.612061630061361939e+00 1.426115237610158622e+08 1.197370872043607051e+04
1.612239336631319020e+00 1.426099907506416142e+08 1.197354119096488466e+04
1.612417043201276101e+00 1.426462381832300425e+08 1.197519473625095088e+04
1.612594749778509140e+00 1.426064088026142120e+08 1.197342771409060333e+04
1.612772456348466221e+00 1.426110882455480695e+08 1.197378689666861465e+04
1.612950162918423302e+00 1.426211961964546740e+08 1.197416904461199192e+04
1.613127869488380384e+00 1.426131337251810730e+08 1.197386092200423991e+04
1.613305576065613423e+00 1.426367484220798910e+08 1.197477177195953482e+04
1.613483282628294546e+00 1.426374956286116838e+08 1.197482642326825589e+04
1.613660989198251627e+00 1.426157826905564666e+08 1.197398739375443438e+04
1.613838695768208709e+00 1.426242644414203465e+08 1.197417072445317172e+04
1.614016402345441747e+00 1.426067558448201716e+08 1.197352482449871786e+04
1.614194108915398829e+00 1.426528226261901557e+08 1.197540683505108063e+04
1.614371815485355910e+00 1.426416132855241895e+08 1.197510837782288581e+04
1.614549522062588949e+00 1.426736997577068210e+08 1.197632319165162517e+04
1.614727228632546030e+00 1.426358322247800827e+08 1.197474252969217923e+04
1.614904935202503111e+00 1.426415824006546438e+08 1.197500109117465945e+04
1.615082641772460192e+00 1.426066466589266360e+08 1.197367742237875791e+04
1.615260348349693231e+00 1.426134424102382958e+08 1.197381008027692951e+04
1.615438054912374355e+00 1.426052251899512410e+08 1.197359546907783806e+04
1.615615761482331436e+00 1.426326806265679598e+08 1.197457466480871335e+04
1.615793468052288517e+00 1.426485406704997420e+08 1.197538257808110939e+04
1.615971174629521556e+00 1.426052722574284971e+08 1.197361738524921202e+04
1.616148881199478637e+00 1.426406786435844004e+08 1.197498710374213078e+04
1.616326587769435719e+00 1.426776729292459488e+08 1.197656351125936817e+04
1.616504294339392800e+00 1.426206774128902555e+08 1.197421076505434030e+04
1.616682000909349881e+00 1.426485116312299967e+08 1.197527142791284859e+04
1.616859707479306962e+00 1.426481713197235763e+08 1.197574933286424493e+04
1.617037414049264044e+00 1.426304022150957882e+08 1.197449761320929792e+04
1.617215120619221125e+00 1.426209487066975534e+08 1.197427462574720812e+04
1.617392827196454164e+00 1.426184492478575706e+08 1.197421470178476375e+04
1.617570533766411245e+00 1.426034403231461644e+08 1.197349128243826453e+04
1.617748240329092368e+00 1.426551175246272683e+08 1.197553782547352603e+04
1.617925946906325407e+00 1.426205988387593925e+08 1.197408534627911831e+04
1.618103653476282489e+00 1.426612477476966679e+08 1.197585394091043781e+04
1.618281360046239570e+00 1.426237336690241098e+08 1.197436587692145804e+04
1.618459066616196651e+00 1.426389897587475181e+08 1.197495981181776187e+04
1.618636773186153732e+00 1.426216065343077183e+08 1.197430743126442576e+04
1.618814479756110813e+00 1.426094575233078897e+08 1.197371175188214329e+04
1.618992186326067895e+00 1.426410145882052481e+08 1.197500248433965680e+04
1.619169892896024976e+00 1.426316511611363590e+08 1.197447887451357201e+04
1.619347599465982057e+00 1.425939527547736764e+08 1.197314307964234104e+04
1.619525306035939138e+00 1.426034597044061422e+08 1.197336734754557983e+04
1.619703012605896220e+00 1.426215591687175632e+08 1.197437686454575487e+04
1.619880719183129258e+00 1.426121061734929979e+08 1.197397714074433679e+04
1.620058425753086340e+00 1.426375091979240477e+08 1.197478670614769180e+04
1.620236132315767463e+00 1.426070036212527156e+08 1.197366906077798376e+04
1.620413838885724545e+00 1.425921223166737556e+08 1.197296857641601127e+04
1.620591545455681626e+00 1.426509723531439900e+08 1.197544590506570239e+04
1.620769252025638707e+00 1.425679285888024867e+08 1.197205759598658733e+04
1.620946958595595788e+00 1.426300862396068275e+08 1.197443211611292463e+04
1.621124665165552869e+00 1.426104424396589398e+08 1.197383781292159256e+04
1.621302371742785908e+00 1.426223051381523013e+08 1.197415091055882658e+04
1.621480078305467032e+00 1.425953159805330634e+08 1.197302234983226845e+04
1.621657784875424113e+00 1.426384459470570385e+08 1.197494140163016709e+04
1.621835491445381194e+00 1.425955469882727563e+08 1.197328609703526308e+04
1.622013198015338276e+00 1.426241400411461890e+08 1.197424761219078937e+04
1.622190904585295357e+00 1.426555795768458843e+08 1.197627673613128172e+04
1.622368611155252438e+00 1.426323183512082696e+08 1.197474517656070930e+04
1.622546317725209519e+00 1.425840915867294073e+08 1.197279959182700259e+04
1.622724024295166600e+00 1.425950789978334606e+08 1.197321551100984107e+04
1.622901730865123682e+00 1.425904774262256920e+08 1.197296817250676031e+04
1.623079437435080763e+00 1.426445893484686613e+08 1.197536738023728685e+04
1.623257144005037844e+00 1.426184005041405559e+08 1.197416820870928314e+04
1.623434850574994925e+00 1.426041805358500481e+08 1.197346553776460314e+04
1.623612557144952007e+00 1.425966959349149168e+08 1.197319938525761427e+04
1.623790263707633130e+00 1.426002819779029787e+08 1.197337549070431487e+04
1.623967970284866169e+00 1.426438869171876907e+08 1.197514932448288891e+04
1.624145676847547293e+00 1.426142071273205280e+08 1.197419466810061931e+04
1.624323383417504374e+00 1.426236487782316804e+08 1.197445785762283776e+04
1.624501089987461455e+00 1.426020741132554114e+08 1.197332326067476060e+04
1.624678796557418536e+00 1.425998264793612659e+08 1.197335667572039893e+04
1.624856503127375618e+00 1.426331693549275994e+08 1.197466425217253709e+04
1.625034209697332699e+00 1.426337805754340887e+08 1.197480294478190990e+04
1.625211916260013822e+00 1.426106268970552683e+08 1.197382930454094094e+04
1.625389622837246861e+00 1.426242070386181176e+08 1.197457658811956935e+04
1.625567329399927985e+00 1.425718074990256131e+08 1.197215335296670128e+04
1.625745035969885066e+00 1.426499556027718782e+08 1.197546569185903718e+04
1.625922742539842147e+00 1.426429230771846175e+08 1.197524631813967972e+04
1.626100449109799229e+00 1.426269903329846859e+08 1.197468990562183171e+04
1.626278155679756310e+00 1.425925859982696474e+08 1.197312552154046534e+04
1.626455862242437433e+00 1.426230687578104436e+08 1.197442203112205061e+04
1.626633568819670472e+00 1.426345547828800380e+08 1.197489252966151980e+04
1.626811275382351596e+00 1.426307402156386375e+08 1.197470198525568048e+04
1.626988981952308677e+00 1.425960346742509007e+08 1.197321125208859848e+04
1.627166688522265758e+00 1.426200427863818705e+08 1.197441962327722831e+04
1.627344395092222840e+00 1.426128131432103813e+08 1.197405443596773694e+04
1.627522101662179921e+00 1.426224539296043217e+08 1.197431444902485600e+04
1.627699808224861044e+00 1.426294560508852601e+08 1.197456996354281182e+04
1.627877514794818126e+00 1.426124140559986830e+08 1.197406866786997307e+04
1.628055221364775207e+00 1.426305204759223163e+08 1.197469658891649306e+04
1.628232927934732288e+00 1.426139209652123749e+08 1.197388505703172268e+04
1.628410634497413412e+00 1.426194428954990506e+08 1.197421521333030068e+04
1.628588341074646451e+00 1.426240906260282397e+08 1.197436368510222201e+04
1.628766047637327574e+00 1.426342132442573905e+08 1.197487589463342738e+04
1.628943754207284655e+00 1.426102775992701352e+08 1.197399349713926131e+04
1.629121460769965779e+00 1.426231265836034119e+08 1.197438585430409148e+04
1.629299167339922860e+00 1.426162366572135687e+08 1.197403604002407337e+04
1.629476873909879941e+00 1.426287931865274310e+08 1.197473946593071923e+04
1.629654580479837023e+00 1.426260952950649261e+08 1.197467439427648787e+04
1.629832287042518146e+00 1.426749398925116360e+08 1.197666627512886771e+04
1.630009993619751185e+00 1.426532008790680468e+08 1.197569288550474448e+04
1.630187700182432309e+00 1.426334093063334823e+08 1.197504043352478402e+04
1.630365406752389390e+00 1.426395344246518612e+08 1.197495605870194595e+04
1.630543113315070514e+00 1.426135606140327454e+08 1.197389390871895739e+04
1.630720819892303552e+00 1.426232267924226820e+08 1.197459658903338641e+04
1.630898526454984676e+00 1.426157144083477557e+08 1.197425066677253199e+04
1.631076233017665800e+00 1.426057638834189773e+08 1.197380403795392158e+04
1.631253939587622881e+00 1.425923221973855495e+08 1.197331833778309374e+04
1.631431646157579962e+00 1.426336747966609597e+08 1.197479648645896486e+04
1.631609352727537043e+00 1.426217867410749495e+08 1.197436841124866442e+04
1.631787059290218167e+00 1.426477953498436511e+08 1.197561761167541408e+04
1.631964765867451206e+00 1.426128918410692811e+08 1.197401696172057927e+04
1.632142472430132329e+00 1.426076839597409368e+08 1.197381723121661889e+04
1.632320178992813453e+00 1.426556923540931344e+08 1.197588859504208995e+04
1.632497885562770534e+00 1.426110433764185011e+08 1.197406684775167560e+04
1.632675592132727616e+00 1.426008351375438869e+08 1.197338165284254319e+04
1.632853298702684697e+00 1.426047852840300202e+08 1.197368178848701245e+04
1.633031005265365820e+00 1.426262492813943028e+08 1.197469060958190494e+04
1.633208711828046944e+00 1.425875211262775362e+08 1.197269738661407428e+04
1.633386418405279983e+00 1.426010378942670524e+08 1.197351773629016498e+04
1.633564124967961106e+00 1.426217517355339229e+08 1.197432553572933466e+04
1.633741831537918188e+00 1.426214421515818238e+08 1.197435795289148155e+04
1.633919538100599311e+00 1.425978620892880559e+08 1.197340937560042039e+04
1.634097244670556393e+00 1.426030720380164683e+08 1.197386051256235442e+04
1.634274951240513474e+00 1.426028509071283042e+08 1.197347449271681762e+04
1.634452657803194597e+00 1.426274768470737934e+08 1.197477640057426834e+04
1.634630364365875721e+00 1.426087217861342430e+08 1.197381712371376489e+04
1.634808070943108760e+00 1.426047869453743696e+08 1.197347877710230205e+04
1.634985777505789883e+00 1.426255797661563456e+08 1.197453481081984319e+04
1.635163484068471007e+00 1.426127165842527449e+08 1.197406548316530643e+04
1.635341190645704046e+00 1.426131405496757627e+08 1.197420738834638541e+04
1.635518897208385170e+00 1.426613568413134217e+08 1.197623848740205176e+04
1.635696603771066293e+00 1.426024894343279004e+08 1.197376504164359176e+04
1.635874310341023374e+00 1.426083626156951487e+08 1.197374896091021037e+04
1.636052016910980456e+00 1.426272131522111595e+08 1.197465737010753219e+04
1.636407430043618660e+00 1.426305541298475862e+08 1.197492535948319164e+04
1.636585136606299784e+00 1.425723910989221036e+08 1.197241104847961833e+04
1.636762843176256865e+00 1.426303940748759806e+08 1.197474223531405551e+04
1.636940549738937989e+00 1.426181594774679542e+08 1.197427540769962616e+04
1.637118256308895070e+00 1.426195224089424610e+08 1.197427749628284801e+04
1.637295962878852151e+00 1.426007677070704103e+08 1.197355908682829795e+04
1.637473669441533275e+00 1.426294646085942686e+08 1.197461684020993562e+04
1.637651376011490356e+00 1.426272071051780283e+08 1.197483432325546710e+04
1.637829082574171480e+00 1.426485582730821967e+08 1.197568959001847907e+04
1.638006789144128561e+00 1.426735112865192890e+08 1.197647360650713745e+04
1.638184495706809685e+00 1.426328686349272728e+08 1.197499358798886351e+04
1.638362202276766766e+00 1.426121243111527860e+08 1.197415136058977441e+04
1.638539908839447889e+00 1.426155247184902132e+08 1.197419278616969859e+04
1.638717615409404971e+00 1.426532844395307899e+08 1.197594348342950798e+04
1.638895321972086094e+00 1.426092827083947062e+08 1.197404895483031942e+04
1.639073028534767218e+00 1.426380658099155128e+08 1.197533027446480810e+04
1.639250735104724299e+00 1.426157290270192921e+08 1.197422164118760520e+04
1.639428441674681380e+00 1.426243459047218561e+08 1.197448439315761971e+04
1.639606148237362504e+00 1.426405864951342344e+08 1.197526517719139156e+04
1.639783854800043628e+00 1.426164762648526430e+08 1.197422872501583879e+04
1.639961561362724751e+00 1.426359338764747679e+08 1.197515492946173981e+04
1.640139267939957790e+00 1.425945604333741963e+08 1.197334201432397822e+04
1.640316974502638914e+00 1.426372791981182694e+08 1.197514090877433773e+04
1.640494681065320037e+00 1.426157698240531087e+08 1.197441581708622653e+04
1.640672387635277119e+00 1.426464660326119959e+08 1.197557037501094601e+04
1.640850094197958242e+00 1.426274416998828948e+08 1.197476542494877503e+04
1.641027800767915323e+00 1.426437897355139256e+08 1.197551922446686876e+04
1.641205507330596447e+00 1.426380676465439796e+08 1.197514913265382711e+04
1.641383213900553528e+00 1.426215283023074269e+08 1.197465174882064457e+04
1.641560920463234652e+00 1.425910831232801378e+08 1.197328604170288600e+04
1.641738627025915775e+00 1.425928333065651357e+08 1.197341237863031893e+04
1.641916333588596899e+00 1.426050282693835497e+08 1.197384477103602694e+04
1.642094040158553980e+00 1.426055784260548949e+08 1.197395146185053454e+04
1.642271746728511062e+00 1.426607678796088994e+08 1.197591748942984123e+04
1.642449453291192185e+00 1.426114387514849007e+08 1.197406464482414958e+04
1.642627159861149266e+00 1.425841607071369886e+08 1.197295994421102478e+04
1.642804866423830390e+00 1.426107947553664446e+08 1.197406639976142105e+04
1.642982572986511514e+00 1.426068372788232565e+08 1.197398799385288294e+04
1.643160279549192637e+00 1.426681798269230425e+08 1.197636156519467841e+04
1.643337986111873761e+00 1.426293630377578139e+08 1.197496221724755196e+04
1.643515692681830842e+00 1.426349088590943813e+08 1.197506170043447491e+04
1.643693399251787923e+00 1.426392297331958413e+08 1.197536304321903299e+04
1.643871105814469047e+00 1.426150353951567113e+08 1.197413402326708274e+04
1.644048812384426128e+00 1.426409367727676928e+08 1.197531173327969009e+04
1.644226518947107252e+00 1.426665572595576644e+08 1.197649649846785724e+04
1.644404225509788375e+00 1.425893404741765857e+08 1.197315989908278243e+04
1.644581932072469499e+00 1.426215668652786911e+08 1.197462145285198858e+04
1.644759638642426580e+00 1.426222843351137936e+08 1.197462523244390468e+04
1.644937345205107704e+00 1.426226661348310113e+08 1.197477736385334174e+04
1.645115051767788827e+00 1.425939177300346494e+08 1.197338777696874240e+04
1.645292758330469951e+00 1.425764913336153626e+08 1.197278834140311483e+04
1.645470464900427032e+00 1.426089956428669989e+08 1.197410586084308852e+04
1.645648171463108156e+00 1.426158108324920237e+08 1.197440495978170111e+04
1.645825878025789279e+00 1.425982821317209601e+08 1.197361078338861626e+04
1.646003584595746361e+00 1.425881163097469807e+08 1.197323434665075001e+04
1.646181291158427484e+00 1.426174854783606827e+08 1.197437456186932468e+04
1.646358997721108608e+00 1.426093288704088032e+08 1.197403515444675759e+04
1.646536704283789732e+00 1.426223974711971879e+08 1.197478241025812895e+04
1.646714410853746813e+00 1.426190297745436430e+08 1.197452371654860144e+04
1.646892117416427936e+00 1.426523095254785120e+08 1.197603603626497897e+04
1.647069823979109060e+00 1.426072335341800749e+08 1.197409571744925961e+04
1.647247530541790184e+00 1.426572347423292994e+08 1.197701232510560112e+04
1.647425237111747265e+00 1.426340016660523415e+08 1.197508087281905136e+04
1.647602943674428388e+00 1.426243496769511700e+08 1.197476499174805213e+04
1.647780650237109512e+00 1.426053628195791543e+08 1.197394663805200616e+04
1.647958356799790636e+00 1.426752476690705419e+08 1.197682138411395499e+04
1.648136063369747717e+00 1.426210174959002733e+08 1.197455646077476013e+04
1.648313769932428841e+00 1.426508889432767630e+08 1.197588965528512381e+04
1.648491476495109964e+00 1.426274749429146349e+08 1.197489838957204302e+04
1.648669183057791088e+00 1.426458072293566763e+08 1.197554249522990176e+04
1.648846889627748169e+00 1.426520281542775631e+08 1.197601726456797405e+04
1.649024596190429293e+00 1.426063662077407837e+08 1.197398446046944264e+04
1.649202302753110416e+00 1.425867335940211117e+08 1.197303285861132281e+04
1.649380009323067497e+00 1.426099074429493845e+08 1.197429069833894755e+04
1.649557715885748621e+00 1.426154942210258245e+08 1.197433547058360818e+04
1.649735422448429745e+00 1.425778937197023630e+08 1.197288535676018000e+04
1.649913129011110868e+00 1.426487893034161627e+08 1.197583911075512879e+04
1.650090835581067950e+00 1.426017948332335651e+08 1.197384240361153570e+04
1.650268542143749073e+00 1.426177037152261734e+08 1.197434256277511486e+04
1.650446248706430197e+00 1.426354888683521748e+08 1.197533760838357011e+04
1.650623955261835363e+00 1.426113099752006233e+08 1.197425960063133425e+04
1.650801661831792444e+00 1.425929015583932698e+08 1.197351587960848519e+04
1.650979368394473568e+00 1.426139967937641740e+08 1.197432631870499972e+04
1.651157074957154691e+00 1.426565009615080953e+08 1.197605669935135120e+04
1.651334781527111772e+00 1.426188862312699556e+08 1.197461338766820700e+04
1.651512488089792896e+00 1.426266378936885893e+08 1.197493075899783616e+04
1.651690194652474020e+00 1.426113533128210604e+08 1.197435369297562465e+04
1.651867901215155143e+00 1.426456452151841521e+08 1.197568021217460591e+04
1.652045607770560309e+00 1.426227424538074732e+08 1.197479028365668637e+04
1.652223314340517391e+00 1.426372702557043731e+08 1.197529724828645158e+04
1.652401020903198514e+00 1.426195599081742465e+08 1.197461718519171882e+04
1.652578727465879638e+00 1.426420205751705170e+08 1.197557600817049934e+04
1.652756434035836719e+00 1.426545123709791303e+08 1.197595337671660673e+04
1.652934140598517843e+00 1.426080155422326028e+08 1.197415595734055933e+04
1.653111847161198966e+00 1.426101321124118268e+08 1.197428918825072287e+04
1.653289553716604132e+00 1.426069494622870088e+08 1.197399765580499843e+04
1.653467260286561213e+00 1.426439499996880293e+08 1.197572486197427679e+04
1.653644966849242337e+00 1.426021732779971659e+08 1.197366023317596046e+04
1.653822673411923461e+00 1.426200656141065657e+08 1.197457796670210701e+04
1.654000379974604584e+00 1.426183672368523479e+08 1.197452290327253286e+04
1.654178086537285708e+00 1.426127780721530318e+08 1.197436675342240414e+04
1.654355793099966832e+00 1.426118309058820903e+08 1.197427331754948500e+04
1.654533499662647955e+00 1.426608682563347518e+08 1.197642324302483212e+04
1.654711206232605036e+00 1.425962510395091176e+08 1.197344778489615783e+04
1.654888912795286160e+00 1.425710011830831170e+08 1.197260982769909606e+04
1.655066619350691326e+00 1.426209106361840069e+08 1.197468012212849317e+04
1.655244325913372450e+00 1.426227010928530991e+08 1.197469434426778025e+04
1.655422032483329531e+00 1.426568700967763662e+08 1.197612491719740501e+04
1.655599739046010654e+00 1.425997823519531488e+08 1.197382760471655274e+04
1.655777445608691778e+00 1.426507351532725394e+08 1.197590865007246430e+04
1.655955152164096944e+00 1.426242618207441270e+08 1.197487814172132857e+04
1.656132858734054025e+00 1.426173462669281363e+08 1.197449097509334024e+04
1.656310565296735149e+00 1.426451045687052608e+08 1.197596280740582188e+04
1.656488271859416272e+00 1.426531422320546806e+08 1.197608806367782017e+04
1.656665978414821438e+00 1.426272337067619860e+08 1.197500289249344132e+04
1.656843684984778520e+00 1.426148071029734612e+08 1.197446536229186859e+04
1.657021391547459643e+00 1.426234551046712399e+08 1.197490102691726315e+04
1.657199098102864809e+00 1.426143943118309677e+08 1.197451598833058051e+04
1.657376804665545933e+00 1.426467632551333606e+08 1.197578798537774492e+04
1.657554511235503014e+00 1.426284763810964227e+08 1.197495008973442964e+04
1.657732217798184138e+00 1.426199996980713010e+08 1.197479698522110630e+04
1.657909924353589304e+00 1.426233204557833970e+08 1.197465434829679725e+04
1.658087630923546385e+00 1.426137758405049741e+08 1.197442551102270227e+04
1.658265337486227509e+00 1.426169707379089594e+08 1.197445582312489933e+04
1.658443044041632675e+00 1.426062157761996388e+08 1.197425076504672325e+04
1.658620750604313798e+00 1.426053526430860460e+08 1.197397002921338026e+04
1.658798457174270879e+00 1.426124268541473448e+08 1.197450003950823884e+04
1.658976163729676045e+00 1.426326394668856859e+08 1.197515575585997249e+04
1.659153870292357169e+00 1.425777694122174978e+08 1.197281112292384023e+04
1.659331576855038293e+00 1.426124721383492053e+08 1.197423035056974368e+04
1.659509283417719416e+00 1.426207904144228995e+08 1.197464411159838528e+04
1.659686989980400540e+00 1.426088416518842578e+08 1.197419799580913605e+04
1.659864696543081664e+00 1.426035724359917045e+08 1.197419448664894844e+04
1.660042403105762787e+00 1.425891831466738880e+08 1.197344942249169071e+04
1.660220109668443911e+00 1.426232233558149040e+08 1.197478027774291331e+04
1.660575522786530200e+00 1.426101870000972152e+08 1.197440840216817742e+04
1.660753229356487282e+00 1.426170129595258534e+08 1.197446651896989897e+04
1.660930935911892448e+00 1.425900027684769332e+08 1.197350568377760101e+04
1.661108642474573571e+00 1.426219377486598492e+08 1.197483575156386541e+04
1.661286349037254695e+00 1.425863151707830429e+08 1.197334555701070167e+04
1.661464055599935818e+00 1.426189657042954266e+08 1.197489257337881281e+04
1.661641762162616942e+00 1.426351317129664719e+08 1.197548802162137508e+04
1.661819468718022108e+00 1.425974558648283482e+08 1.197368704958597482e+04
1.661997175280703232e+00 1.426036299269204140e+08 1.197389436943694818e+04
1.662174881850660313e+00 1.426135237257502973e+08 1.197464257856082440e+04
1.662352588406065479e+00 1.426027356403532624e+08 1.197405099501520817e+04
1.662530294968746603e+00 1.426108627691109776e+08 1.197414021428414344e+04
1.662708001524151769e+00 1.425992138049145043e+08 1.197388412444669666e+04
1.662885708094108850e+00 1.426012864084165990e+08 1.197406943903642241e+04
1.663063414649514016e+00 1.425743242765565515e+08 1.197293843395125077e+04
1.663241121212195139e+00 1.426238771159084439e+08 1.197486071760299274e+04
1.663418827782152221e+00 1.426488025596128702e+08 1.197598307545762873e+04
1.663596534337557387e+00 1.426176407452271879e+08 1.197476394259423250e+04
1.663774240900238510e+00 1.425776241413494349e+08 1.197312822073285861e+04
1.663951947455643676e+00 1.426101452577956319e+08 1.197447576253118677e+04
1.664129654025600757e+00 1.425823820323945582e+08 1.197325982495347853e+04
1.664307360581005923e+00 1.425784936877735555e+08 1.197305629653466895e+04
1.664485067143687047e+00 1.426002588924819231e+08 1.197402807969108653e+04
1.664662773699092213e+00 1.425907485360429883e+08 1.197361055400849546e+04
1.664840480269049294e+00 1.425862111389347613e+08 1.197340812392080989e+04
1.665018186824454460e+00 1.426112538068335950e+08 1.197437613677731315e+04
1.665195893387135584e+00 1.426251622116533518e+08 1.197496388696861686e+04
1.665373599949816708e+00 1.426484008109616041e+08 1.197599176677061587e+04
1.665551306512497831e+00 1.425879540913154185e+08 1.197355250393480674e+04
1.665729013067902997e+00 1.426032760634135008e+08 1.197395792798617549e+04
1.665906719630584121e+00 1.425993669333363771e+08 1.197390431328585873e+04
1.666084426185989287e+00 1.426180212060326040e+08 1.197459021067780304e+04
1.666262132755946368e+00 1.425951488041559756e+08 1.197382114041561181e+04
1.666439839311351534e+00 1.425983584613965750e+08 1.197407824605085261e+04
1.666617545874032658e+00 1.425750387304588556e+08 1.197291176122320758e+04
1.666795252436713781e+00 1.426243838850649893e+08 1.197486681528774352e+04
1.666972958999394905e+00 1.425983252349378169e+08 1.197400261588915600e+04
1.667150665554800071e+00 1.426099839624985456e+08 1.197430119916627882e+04
1.667328372110205237e+00 1.426020496008563638e+08 1.197393788783595664e+04
1.667506078680162318e+00 1.426324072180151045e+08 1.197526759786679395e+04
1.667683785235567484e+00 1.425708222583809793e+08 1.197269894873517842e+04
1.667861491798248608e+00 1.425709035561908484e+08 1.197275924649592889e+04
1.668039198353653774e+00 1.425789628249045014e+08 1.197287692992415577e+04
1.668216904923610855e+00 1.426111949627083838e+08 1.197420997221584184e+04
1.668394611479016021e+00 1.426122378767009974e+08 1.197473965673956263e+04
1.668572318034421187e+00 1.426293270875990987e+08 1.197536679460971209e+04
1.668750024604378268e+00 1.425912021943360567e+08 1.197353470397651472e+04
1.669105437722464558e+00 1.426104830600844622e+08 1.197447693587131289e+04
1.669283144277869724e+00 1.425814631427934766e+08 1.197308840745068483e+04
1.669460850840550847e+00 1.426166486988736093e+08 1.197472623805302828e+04
1.669638557403231971e+00 1.426343070459083021e+08 1.197548203294795894e+04
1.669816263958637137e+00 1.426002813108835816e+08 1.197392913799872440e+04
1.669993970514042303e+00 1.426028888497388363e+08 1.197387103198292971e+04
1.670171677083999384e+00 1.425795033785339296e+08 1.197326657589721617e+04
1.670349383639404550e+00 1.426350206066439748e+08 1.197543951628778268e+04
1.670527090202085674e+00 1.426003894685712457e+08 1.197399104813823578e+04
1.670704796757490840e+00 1.426196695215561688e+08 1.197487221269378097e+04
1.670882503320171963e+00 1.426057522853389084e+08 1.197405560450175471e+04
1.671060209882853087e+00 1.425849180881250501e+08 1.197340626145235547e+04
1.671237916438258253e+00 1.426293741531472206e+08 1.197532034072471106e+04
1.671415622993663419e+00 1.426304590269481838e+08 1.197523595614205078e+04
1.671593329563620500e+00 1.426155766196775734e+08 1.197483973877176868e+04
1.671771036119025666e+00 1.426080790719697475e+08 1.197430856378736462e+04
1.671948742674430832e+00 1.426149358985447288e+08 1.197463981947631692e+04
1.672126449237111956e+00 1.426256237665755451e+08 1.197504677678423104e+04
1.672304155799793079e+00 1.426028905414361954e+08 1.197432637306820288e+04
1.672481862355198245e+00 1.425468861975705028e+08 1.197191496424968136e+04
1.672659568910603411e+00 1.425167976916107237e+08 1.197048583803230213e+04
1.672837275480560493e+00 1.424251646739732921e+08 1.196672789023519181e+04
1.673014982035965659e+00 1.423174302422017455e+08 1.196222235313579222e+04
1.673192688591370825e+00 1.422312547185417414e+08 1.195865667432713963e+04
1.673370395154051948e+00 1.421590044619082510e+08 1.195570508076924671e+04
1.673548101716733072e+00 1.420886195242597163e+08 1.195272606006820934e+04
1.673725808272138238e+00 1.419461994922684431e+08 1.194670115322132006e+04
1.673903514827543404e+00 1.418753265997272432e+08 1.194363410603881675e+04
1.674081221397500485e+00 1.418091776995977461e+08 1.194093000700161065e+04
1.674258927952905651e+00 1.416665952531167269e+08 1.193494589482902848e+04
1.674436634508310817e+00 1.415528790394847989e+08 1.193023753650797698e+04
1.674614341063715983e+00 1.414539854206099808e+08 1.192617114612163459e+04
1.674792047626397107e+00 1.413319241539209187e+08 1.192099801998808107e+04
1.674969754189078230e+00 1.412749525376659036e+08 1.191867885883691270e+04
1.675147460744483396e+00 1.411528458837897778e+08 1.191357940014824635e+04
1.675325167299888562e+00 1.410314158102335632e+08 1.190841662182531036e+04
1.675502873862569686e+00 1.409785884028737545e+08 1.190626707397266728e+04
1.675680580425250810e+00 1.408919442119293213e+08 1.190256203193712281e+04
1.675858286980655976e+00 1.408143915139681995e+08 1.189938250925155262e+04
1.676213700098742265e+00 1.407494741228348613e+08 1.189652809546435128e+04
1.676391406654147431e+00 1.407261568317950964e+08 1.189538901005534899e+04
1.676569113216828555e+00 1.407369767726942599e+08 1.189614413197141403e+04
1.676746819772233721e+00 1.407242600159791708e+08 1.189531844253861891e+04
1.676924526334914844e+00 1.407320945451427698e+08 1.189586560816922793e+04
1.677102232890320010e+00 1.406923130447371900e+08 1.189425871549878502e+04
1.677279939445725176e+00 1.407027213559313118e+08 1.189439818366323379e+04
1.677457646008406300e+00 1.406885309926503301e+08 1.189396643707960538e+04
1.677635352571087424e+00 1.406640794974647164e+08 1.189286554025244732e+04
1.677813059126492590e+00 1.406629471619456112e+08 1.189292332970569805e+04
1.677990765681897756e+00 1.406493553044691086e+08 1.189236295552978845e+04
1.678168472244578879e+00 1.406655585283348560e+08 1.189295355118812404e+04
1.678346178799984045e+00 1.406189858985957801e+08 1.189104535423450034e+04
1.678523885355389211e+00 1.406371863050352633e+08 1.189194692604516786e+04
1.678701591910794377e+00 1.406422070908082724e+08 1.189205629767609753e+04
1.678879298480751459e+00 1.406542545783588290e+08 1.189254854632798560e+04
1.679057005036156625e+00 1.406586833434409201e+08 1.189278956517563529e+04
1.679234711591561791e+00 1.406654914842783213e+08 1.189318097345347451e+04
1.679412418146966957e+00 1.406083396953366399e+08 1.189059184799449940e+04
1.679590124709648080e+00 1.406236879182105958e+08 1.189127115091835549e+04
1.679767831265053246e+00 1.405993500529063046e+08 1.189021606386525491e+04
1.679945537820458412e+00 1.406102587369031906e+08 1.189074542821294563e+04
1.680123244375863578e+00 1.405971033824479282e+08 1.189021736204046647e+04
1.680300950938544702e+00 1.405896933669490516e+08 1.188985883475942137e+04
1.680478657493949868e+00 1.405867183592345119e+08 1.188977699371920426e+04
1.680656364049355034e+00 1.405508002663148642e+08 1.188824594478023573e+04
1.680834070619312115e+00 1.406277688041279018e+08 1.189163343521987736e+04
1.681011777174717281e+00 1.406202094582022727e+08 1.189122160376034299e+04
1.681189483730122447e+00 1.406058836377283335e+08 1.189055598711348102e+04
1.681367190285527613e+00 1.406038925115445554e+08 1.189056381859748763e+04
1.681544896848208737e+00 1.405911556563239992e+08 1.189000087523941147e+04
1.681722603403613903e+00 1.405751814920118451e+08 1.188944882096127003e+04
1.681900309959019069e+00 1.405891974956159592e+08 1.188987609453217556e+04
1.682078016514424235e+00 1.405813061980912387e+08 1.188960796294173451e+04
1.682255723077105358e+00 1.406004316113033295e+08 1.189037032285148052e+04
1.682433429632510524e+00 1.405433335678374171e+08 1.188809305015232894e+04
1.682611136187915690e+00 1.406025046107667983e+08 1.189030243860633527e+04
1.682788842750596814e+00 1.405492613408733904e+08 1.188828121977159390e+04
1.682966549306001980e+00 1.405792374775069952e+08 1.188973606824369926e+04
1.683144255861407146e+00 1.405679090315752625e+08 1.188888489006797136e+04
1.683321962416812312e+00 1.405595781927450001e+08 1.188870996028504487e+04
1.683499668972217478e+00 1.406046821680626869e+08 1.189047848298738973e+04
1.683677375534898601e+00 1.406175731190707684e+08 1.189105430385535692e+04
1.683855082090303767e+00 1.405520171664404571e+08 1.188843410236172895e+04
1.684032788645708933e+00 1.405435654542276263e+08 1.188795964766854740e+04
1.684210495208390057e+00 1.405580105433964133e+08 1.188860163891755474e+04
1.684388201763795223e+00 1.405850630762015879e+08 1.188976484721805718e+04
1.684565908319200389e+00 1.405603980720880926e+08 1.188889372255837043e+04
1.684743614874605555e+00 1.405313143951154351e+08 1.188780629490364845e+04
1.684921321437286679e+00 1.405397427723854184e+08 1.188760515787096119e+04
1.685099027992691845e+00 1.405345062350688279e+08 1.188756074333600918e+04
1.685276734548097011e+00 1.405375261993086338e+08 1.188766982422216279e+04
1.685454441103502177e+00 1.405495209784364104e+08 1.188824706142313516e+04
1.685632147666183300e+00 1.405512553683254421e+08 1.188830489357785518e+04
1.685809854214312509e+00 1.405194801493705511e+08 1.188691220118568344e+04
1.685987560769717675e+00 1.405269819507837892e+08 1.188732980240988400e+04
1.686165267332398798e+00 1.405532802034886777e+08 1.188838321336126137e+04
1.686342973887803964e+00 1.405551787732887566e+08 1.188863185434983643e+04
1.686520680443209130e+00 1.405607563643138409e+08 1.188883759208747142e+04
1.686698386998614296e+00 1.405399664655393958e+08 1.188785952357590941e+04
1.686876093561295420e+00 1.405514889184930027e+08 1.188844385539686300e+04
1.687053800116700586e+00 1.405288223945583701e+08 1.188750453085201116e+04
1.687231506672105752e+00 1.405087840218230486e+08 1.188659924911713824e+04
1.687409213227510918e+00 1.405568880239504278e+08 1.188864617343396640e+04
1.687586919782916084e+00 1.405397555147710443e+08 1.188794055744043908e+04
1.687764626338321250e+00 1.405366452071297169e+08 1.188786907785823496e+04
1.687942332893726416e+00 1.405673448326854408e+08 1.188903789136144769e+04
1.688120039456407540e+00 1.405659193964254558e+08 1.188881988267042107e+04
1.688297746011812706e+00 1.405391425002831817e+08 1.188791829523860724e+04
1.688475452567217872e+00 1.405449578658901453e+08 1.188803851778030548e+04
1.688653159122623038e+00 1.405710627551787794e+08 1.188920850483468712e+04
1.688830865670752246e+00 1.405456558553805351e+08 1.188821989920501255e+04
1.689008572233433370e+00 1.405721184593160152e+08 1.188948321166505229e+04
1.689186278788838536e+00 1.405577675969185531e+08 1.188861307552455219e+04
1.689363985344243702e+00 1.405187486417095065e+08 1.188705045475051520e+04
1.689541691906924825e+00 1.405469869182180762e+08 1.188815376580101838e+04
1.689719398462329991e+00 1.405485863730737269e+08 1.188814724256405862e+04
1.689897105010459200e+00 1.405317099729359746e+08 1.188763958242288936e+04
1.690074811565864366e+00 1.405550829573936462e+08 1.188857616867658362e+04
1.690252518128545489e+00 1.405505117864687741e+08 1.188825875083571191e+04
1.690430224683950655e+00 1.405373674732427299e+08 1.188764923915997315e+04
1.690607931239355821e+00 1.405422930620705485e+08 1.188798575576930489e+04
1.690785637787485030e+00 1.405602277581852376e+08 1.188870042674599790e+04
1.690963344350166153e+00 1.405593443808089197e+08 1.188868532033271185e+04
1.691141050905571319e+00 1.405236852796953321e+08 1.188727456282867206e+04
1.691318757460976485e+00 1.405259045244374275e+08 1.188746134057321433e+04
1.691496464023657609e+00 1.406015328621681035e+08 1.189063251252432383e+04
1.691674170571786817e+00 1.405515542171077132e+08 1.188846446166810711e+04
1.691851877127191983e+00 1.405849328173032999e+08 1.188973568934422474e+04
1.692029583682597149e+00 1.405372216123460233e+08 1.188791607413026577e+04
1.692207290245278273e+00 1.405176039673686922e+08 1.188707210430138548e+04
1.692384996793407481e+00 1.405406110072181225e+08 1.188803485038109102e+04
1.692562703348812647e+00 1.405427687258677185e+08 1.188814532428445273e+04
1.692740409904217813e+00 1.405548557694531977e+08 1.188849245519836222e+04
1.692918116466898937e+00 1.405242697389549613e+08 1.188726688213785201e+04
1.693095823015028145e+00 1.405299901859088838e+08 1.188751788625828522e+04
1.693273529570433311e+00 1.405207505155966580e+08 1.188724689985922669e+04
1.693451236125838477e+00 1.405545529976587296e+08 1.188873413054534649e+04
1.693628942681243643e+00 1.405467394196621776e+08 1.188819222627706949e+04
1.693806649236648809e+00 1.405521591743377745e+08 1.188854717077250825e+04
1.693984355792053975e+00 1.405522937666293383e+08 1.188852078555854132e+04
1.694162062347459141e+00 1.405408241917303205e+08 1.188793776045035520e+04
1.694339768902864307e+00 1.405750099359231293e+08 1.188934609325044221e+04
1.694517475458269473e+00 1.405274381876995564e+08 1.188741172050908608e+04
1.694695182013674639e+00 1.405372779883803725e+08 1.188785983233698971e+04
1.694872888569079805e+00 1.405915682017656863e+08 1.189017273325786664e+04
1.695050595124484971e+00 1.405722137126668692e+08 1.188943879311848468e+04
1.695228301679890137e+00 1.405492596774864793e+08 1.188833450699005152e+04
1.695406008228019346e+00 1.405402036050922573e+08 1.188799201430214634e+04
1.695583714790700469e+00 1.405469476319060028e+08 1.188804559782370961e+04
1.695761421346105635e+00 1.405683678796388507e+08 1.188919336246408784e+04
1.695939127894234844e+00 1.405280376794980466e+08 1.188756714956747055e+04
1.696116834449640010e+00 1.405497125955658257e+08 1.188837308684329582e+04
1.696294541012321133e+00 1.405761167382548451e+08 1.188957221187114556e+04
1.696472247560450342e+00 1.405719135669531524e+08 1.188936930079949889e+04
1.696649954115855508e+00 1.405839380303384364e+08 1.188957040878826410e+04
1.697005367226665840e+00 1.405683503993087411e+08 1.188913982400512941e+04
1.697183073782071006e+00 1.405640516929247677e+08 1.188905285649468897e+04
1.697360780330200214e+00 1.405770607544416785e+08 1.188957190836544214e+04
1.697538486885605380e+00 1.405909831403428316e+08 1.189029961403470588e+04
1.697716193441010546e+00 1.405921792504566610e+08 1.189025668564835360e+04
1.697893899996415712e+00 1.405663931588950753e+08 1.188924126967602569e+04
1.698071606551820878e+00 1.405696859122736454e+08 1.188916057255176020e+04
1.698249313107226044e+00 1.405818827460202873e+08 1.188981251977684042e+04
1.698427019662631210e+00 1.405538532032563090e+08 1.188854858432314722e+04
1.698604726210760418e+00 1.406295169277523160e+08 1.189188324681864651e+04
1.698782432766165584e+00 1.406035310360198319e+08 1.189076182663935469e+04
1.698960139328846708e+00 1.406105960624902844e+08 1.189114335549251700e+04
1.699137845876975916e+00 1.406159028798436522e+08 1.189133506552181825e+04
1.699315552432381082e+00 1.405939794645973742e+08 1.189037537009122752e+04
1.699493258980510291e+00 1.406182070920475125e+08 1.189132816321087557e+04
1.699670965543191414e+00 1.406303533596144319e+08 1.189204372702781620e+04
1.699848672091320623e+00 1.405995407043649852e+08 1.189065064568566413e+04
1.700026378646725789e+00 1.406072121497601867e+08 1.189101374982709604e+04
1.700204085202130955e+00 1.406202635730606318e+08 1.189142838515293442e+04
1.700381791757536121e+00 1.406341483424304426e+08 1.189205683024468817e+04
1.700559498305665329e+00 1.405966107465834618e+08 1.189050980956057720e+04
1.700737204861070495e+00 1.406456895316240191e+08 1.189259781919565285e+04
1.700914911416475661e+00 1.406418590983876288e+08 1.189223806943561249e+04
1.701092617971880827e+00 1.406368018522087038e+08 1.189210205409008813e+04
1.701270324520010035e+00 1.406699824845035076e+08 1.189348967217653990e+04
1.701448031075415201e+00 1.406268332693838775e+08 1.189178969722266083e+04
1.701625737630820367e+00 1.406202173499414027e+08 1.189136862699838821e+04
1.701803444186225533e+00 1.406537630021008253e+08 1.189304921870161525e+04
1.701981150734354742e+00 1.406817190925255120e+08 1.189403174524161477e+04
1.702158857289759908e+00 1.406591424256007373e+08 1.189313983520336114e+04
1.702336563845165074e+00 1.406532613047117591e+08 1.189283482007951170e+04
1.702514270400570240e+00 1.406520196528054774e+08 1.189286142434240355e+04
1.702691976948699448e+00 1.406898512418835461e+08 1.189446127495130349e+04
1.702869683504104614e+00 1.407116450973815918e+08 1.189529518456781989e+04
1.703047390059509780e+00 1.406960734662997425e+08 1.189476187413623302e+04
1.703225096614914946e+00 1.407059486975530684e+08 1.189511753080824747e+04
1.703402803163044155e+00 1.407384016522431970e+08 1.189648158626765871e+04
1.703580509725725278e+00 1.407072194414928555e+08 1.189505795471933016e+04
1.703758216273854487e+00 1.407572238280067146e+08 1.189728612422248625e+04
1.703935922821983695e+00 1.407286579219027758e+08 1.189615490664741992e+04
1.704113629377388861e+00 1.407740053406713903e+08 1.189791883598987988e+04
1.704291335932794027e+00 1.407483404146981537e+08 1.189688361711413381e+04
1.704469042488199193e+00 1.407953001097576618e+08 1.189874332672373566e+04
1.704824455584457610e+00 1.408680410567355454e+08 1.190188842614252280e+04
1.705002162147138733e+00 1.409619927669294477e+08 1.190592246419139519e+04
1.705357575250673108e+00 1.411317761080853045e+08 1.191290154921200156e+04
1.705535281806078274e+00 1.412151355585006475e+08 1.191634431891198074e+04
1.705712988354207482e+00 1.413369168717265427e+08 1.192170382563900239e+04
1.705890694909612648e+00 1.413887676049024761e+08 1.192384208392462642e+04
1.706068401457741857e+00 1.415220338542093039e+08 1.192953529442806575e+04
1.706246108005871065e+00 1.416057868965459168e+08 1.193283498789710211e+04
1.706423814568552189e+00 1.417345636913039982e+08 1.193827742975084584e+04
1.706601521116681397e+00 1.418103287717875838e+08 1.194151469030331282e+04
1.706779227672086563e+00 1.419569822489515841e+08 1.194767494144775264e+04
1.706956934227491729e+00 1.420297760526536405e+08 1.195062553077054326e+04
1.707134640775620937e+00 1.421276631082959175e+08 1.195470902463011953e+04
1.707312347331026103e+00 1.422043966872207820e+08 1.195793331159564877e+04
1.707490053879155312e+00 1.422926725328868330e+08 1.196180661349867114e+04
1.707667760434560478e+00 1.423723900583754182e+08 1.196496018531592199e+04
1.707845466989965644e+00 1.424568983181932271e+08 1.196862363210584226e+04
1.708023173538094852e+00 1.425272476017865241e+08 1.197141219424527480e+04
1.708200880086224061e+00 1.425606409250069261e+08 1.197288945416140632e+04
1.708378586641629227e+00 1.425670849514720738e+08 1.197315278410994142e+04
1.708556293197034393e+00 1.425872946838240325e+08 1.197405169253705208e+04
1.708733999745163601e+00 1.426069662531229258e+08 1.197477184215708803e+04
1.708911706300568767e+00 1.426158736352704465e+08 1.197524773093753720e+04
1.709089412855973933e+00 1.425988589258346856e+08 1.197456250924840060e+04
1.709267119404103141e+00 1.425933278566905856e+08 1.197432984864087666e+04
1.709444825952232350e+00 1.425976332997229993e+08 1.197421487991684080e+04
1.709622532507637516e+00 1.425551359096022248e+08 1.197266844698219757e+04
1.709800239063042682e+00 1.425840095233304501e+08 1.197378563634030070e+04
1.709977945611171890e+00 1.425754312584542334e+08 1.197354144325076777e+04
1.710155652159301098e+00 1.425956610733128190e+08 1.197429575858014505e+04
1.710333358714706264e+00 1.426075542566230297e+08 1.197485194779559242e+04
1.710511065270111430e+00 1.425790043167338073e+08 1.197364492276539750e+04
1.710688771818240639e+00 1.425883681336675882e+08 1.197394478001069183e+04
1.710866478373645805e+00 1.426032079471505284e+08 1.197471111864180421e+04
1.711221891477180179e+00 1.425859402307845950e+08 1.197410393860166005e+04
1.711399598025309388e+00 1.426179753500826955e+08 1.197531051950033725e+04
1.711577304573438596e+00 1.425996340847105682e+08 1.197459803966942309e+04
1.711755011128843762e+00 1.426199662672731280e+08 1.197539975999178750e+04
1.711932717676972970e+00 1.426121168714841008e+08 1.197504718601701643e+04
1.712110424232378136e+00 1.425960324413605034e+08 1.197421701547474913e+04
1.712288130787783302e+00 1.426095385290133953e+08 1.197501532241642417e+04
1.712465837335912511e+00 1.425972435552519560e+08 1.197439128803039239e+04
1.712643543884041719e+00 1.425921740817499459e+08 1.197414610851524776e+04
1.712821250432170928e+00 1.425995586574422717e+08 1.197447308724611139e+04
1.712998956994852051e+00 1.425705135600952506e+08 1.197327585965382787e+04
1.713176663542981260e+00 1.425780847617946565e+08 1.197379002335815312e+04
1.713532076639239676e+00 1.425807402276629508e+08 1.197381151711496022e+04
1.713709783194644842e+00 1.425820294783712327e+08 1.197390877169908163e+04
1.713887489742774051e+00 1.425822674844758511e+08 1.197374933769522431e+04
1.714065196298179217e+00 1.426197293598560989e+08 1.197540349670480464e+04
1.714242902853584383e+00 1.425874016913901865e+08 1.197406640839323700e+04
1.714420609401713591e+00 1.425702822694476247e+08 1.197336446215580509e+04
1.714598315949842799e+00 1.425661027568678558e+08 1.197324019489982311e+04
1.714776022497972008e+00 1.426184537127023935e+08 1.197541438220046075e+04
1.714953729053377174e+00 1.425946917897809148e+08 1.197430310004416060e+04
1.715131435601506382e+00 1.426162871333107650e+08 1.197522827087319092e+04
1.715309142149635591e+00 1.425746684073368311e+08 1.197359991947815433e+04
1.715486848705040757e+00 1.426042137834265828e+08 1.197480303579159772e+04
1.715664555260445923e+00 1.426317244380350411e+08 1.197594333703877055e+04
1.715842261808575131e+00 1.425635218879033923e+08 1.197298361320356526e+04
1.716019968356704339e+00 1.425938445443299413e+08 1.197434771774248475e+04
1.716197674904833548e+00 1.425790207936825454e+08 1.197366010125644243e+04
1.716375381460238714e+00 1.425680362093231082e+08 1.197324862408641093e+04
1.716553088008367922e+00 1.425950412655757368e+08 1.197469634498014420e+04
1.716730794556497131e+00 1.425863017532553375e+08 1.197406600105713187e+04
1.716908501104626339e+00 1.425705674821001291e+08 1.197330678520680340e+04
1.717086207660031505e+00 1.425829598108266294e+08 1.197405785736859980e+04
1.717263914208160713e+00 1.425838832199845314e+08 1.197404095627330753e+04
1.717441620756289922e+00 1.425866506871868372e+08 1.197405692077553067e+04
1.717619327311695088e+00 1.426185791322463453e+08 1.197545922898822755e+04
1.717797033867100254e+00 1.425821199885149598e+08 1.197390329010003552e+04
1.717974740415229462e+00 1.425954153993512988e+08 1.197461686193396781e+04
1.718152446963358670e+00 1.425608558627541959e+08 1.197300791147287418e+04
1.718330153518763836e+00 1.425917561827984452e+08 1.197448210351799753e+04
1.718507860066893045e+00 1.426196871709052920e+08 1.197537935222852684e+04
1.718685566615022253e+00 1.425618784951175153e+08 1.197294504739842523e+04
1.718863273163151462e+00 1.425542033994231224e+08 1.197273676477398112e+04
1.719040979718556628e+00 1.425562222886964679e+08 1.197303466170439788e+04
1.719218686266685836e+00 1.425724715835660398e+08 1.197349737867368458e+04
1.719396392814815044e+00 1.425654565724740028e+08 1.197329261012555799e+04
1.719574099370220210e+00 1.425992312035762966e+08 1.197467738810663104e+04
1.719751805918349419e+00 1.425503260418723524e+08 1.197271118305143864e+04
1.719929512466478627e+00 1.425729475812029839e+08 1.197398680361918741e+04
1.720107219014607836e+00 1.425928250768324435e+08 1.197416067019316506e+04
1.720284925562737044e+00 1.425750214023111463e+08 1.197368504390221824e+04
1.720462632118142210e+00 1.425797371174511909e+08 1.197386778083147146e+04
1.720640338666271418e+00 1.425710583773933947e+08 1.197344486647429039e+04
1.720818045214400627e+00 1.426101007636249661e+08 1.197507976818302814e+04
1.720995751762529835e+00 1.425979735506514907e+08 1.197468211136409627e+04
1.721173458310659043e+00 1.425601806734095514e+08 1.197295984544918065e+04
1.721351164858788252e+00 1.425660507105429173e+08 1.197335630020172175e+04
1.721528871406917460e+00 1.425576297726091444e+08 1.197302067210145651e+04
1.721706577962322626e+00 1.425776010130024850e+08 1.197375742577138953e+04
1.721884284510451835e+00 1.425851893499710560e+08 1.197391508362676541e+04
1.722061991058581043e+00 1.425710446299938262e+08 1.197359613534062373e+04
1.722239697606710251e+00 1.425950785917792916e+08 1.197459704719926049e+04
1.722417404162115417e+00 1.425885286310465336e+08 1.197423092634631212e+04
1.722595110710244626e+00 1.425793684250234663e+08 1.197374502178512557e+04
1.722772817258373834e+00 1.425754362786927819e+08 1.197370917695340540e+04
1.722950523813779000e+00 1.426063602485935688e+08 1.197493504265242882e+04
1.723128230361908209e+00 1.425767163444122374e+08 1.197380436027275391e+04
1.723305936902761459e+00 1.425844883736286163e+08 1.197410328396825571e+04
1.723483643450890668e+00 1.425717965441085398e+08 1.197361969975651482e+04
1.723661350006295834e+00 1.425677500163744390e+08 1.197334836948426164e+04
1.723839056554425042e+00 1.426100522727766037e+08 1.197508101891022670e+04
1.724016763102554251e+00 1.425722115648080409e+08 1.197371572603320055e+04
1.724194469650683459e+00 1.425810924063027501e+08 1.197404584591786625e+04
1.724372176206088625e+00 1.425268869379310608e+08 1.197175989335093072e+04
1.724549882754217833e+00 1.425710321247226298e+08 1.197384581844785680e+04
1.724727589295071084e+00 1.425987415717399120e+08 1.197466953088027367e+04
1.724905295843200292e+00 1.426049869575366080e+08 1.197509999433717167e+04
1.725083002398605458e+00 1.425832504377675951e+08 1.197393252514742926e+04
1.725260708946734667e+00 1.425822501737535000e+08 1.197412163014678845e+04
1.725438415494863875e+00 1.425784009669446051e+08 1.197410860570365003e+04
1.725616122042993084e+00 1.426012473699837327e+08 1.197480510937695362e+04
1.725793828591122292e+00 1.425856208871433139e+08 1.197423402255169094e+04
1.725971535139251500e+00 1.425955452313292921e+08 1.197460747066445401e+04
1.726149241687380709e+00 1.425497237613673210e+08 1.197264414407252298e+04
1.726326948242785875e+00 1.425848933618146777e+08 1.197425591059239196e+04
1.726504654790915083e+00 1.425860231054986417e+08 1.197413430044111738e+04
1.726682361331768334e+00 1.425974441720990539e+08 1.197476526157596163e+04
1.726860067879897542e+00 1.425921863535195291e+08 1.197439399204398433e+04
1.727037774435302708e+00 1.426062448612773716e+08 1.197504389821846598e+04
1.727215480983431917e+00 1.426390900099067092e+08 1.197643629565710944e+04
1.727393187531561125e+00 1.425781263657961786e+08 1.197386667519231014e+04
1.727570894072414376e+00 1.425913665208517909e+08 1.197450398439470155e+04
1.727748600627819542e+00 1.425891308196252584e+08 1.197434474043908449e+04
1.727926307175948750e+00 1.425952679179921448e+08 1.197444730260071628e+04
1.728104013724077959e+00 1.425785133549668193e+08 1.197393354430085310e+04
1.728281720272207167e+00 1.425713792766674459e+08 1.197348861356409543e+04
1.728459426820336375e+00 1.425630221888465583e+08 1.197332544679370039e+04
1.728637133368465584e+00 1.425745029436007738e+08 1.197374847109401162e+04
1.728814839916594792e+00 1.425329449257414639e+08 1.197191953076143000e+04
1.728992546457448043e+00 1.425827450055025816e+08 1.197396776165680058e+04
1.729170253012853209e+00 1.425883010739827752e+08 1.197426939323591978e+04
1.729347959560982417e+00 1.425580726855332553e+08 1.197317639174226497e+04
1.729525666109111626e+00 1.425750820535229445e+08 1.197373820096691452e+04
1.729703372657240834e+00 1.425543068515053093e+08 1.197289247574721230e+04
1.729881079205370042e+00 1.426029202347995341e+08 1.197497475514161670e+04
1.730058785753499251e+00 1.425700706610396504e+08 1.197358535505189320e+04
1.730236492294352502e+00 1.425678441779688895e+08 1.197344606652562834e+04
1.730414198849757668e+00 1.425937778611074686e+08 1.197470676331947652e+04
1.730591905397886876e+00 1.425684011604173183e+08 1.197360724309651960e+04
1.730769611938740127e+00 1.425847798498509824e+08 1.197426645129546341e+04
1.730947318486869335e+00 1.425767988931794167e+08 1.197389286921411258e+04
1.731125025042274501e+00 1.425669057464115322e+08 1.197341789058062204e+04
1.731302731583127752e+00 1.425887926864860654e+08 1.197431971548641013e+04
1.731480438131256960e+00 1.425733446102465987e+08 1.197366732998613770e+04
1.731658144686662126e+00 1.425517619981466830e+08 1.197289094270241367e+04
1.731835851227515377e+00 1.425698333940622807e+08 1.197341514467256457e+04
1.732013557775644585e+00 1.425697219203771353e+08 1.197360769681099919e+04
1.732191264323773794e+00 1.425677504151215851e+08 1.197354821429782169e+04
1.732368970871903002e+00 1.425644440523983836e+08 1.197334990484409354e+04
1.732546677420032211e+00 1.425738228143242300e+08 1.197375860782526979e+04
1.732724383968161419e+00 1.426042741475620270e+08 1.197498111302017423e+04
1.732902090509014670e+00 1.425758699155707955e+08 1.197385817904758369e+04
1.733079797064419836e+00 1.425743164089091122e+08 1.197382498355186181e+04
1.733257503605273087e+00 1.425498914947966337e+08 1.197290385994090866e+04
1.733435210153402295e+00 1.425711895791101754e+08 1.197351724445022410e+04
1.733612916708807461e+00 1.425411632438351810e+08 1.197243751766996502e+04
1.733790623249660712e+00 1.425727337925828099e+08 1.197378820906673718e+04
1.733968329797789920e+00 1.425862851122631729e+08 1.197440287288013133e+04
1.734146036338643171e+00 1.425730300966187119e+08 1.197358456360350647e+04
1.734323742886772379e+00 1.425985384433528781e+08 1.197487128235909404e+04
1.734501449442177545e+00 1.425738191310271323e+08 1.197388232813176728e+04
1.734679155983030796e+00 1.425862117716021538e+08 1.197439469756967264e+04
1.734856862531160004e+00 1.425552768371321261e+08 1.197299062833249627e+04
1.735034569079289213e+00 1.425665907594278455e+08 1.197353422952432447e+04
1.735212275627418421e+00 1.425932567740544677e+08 1.197444720219133342e+04
1.735389982168271672e+00 1.425473024504418671e+08 1.197272779593859377e+04
1.735567688716400880e+00 1.425491353613545299e+08 1.197277018569033862e+04
1.735745395271806046e+00 1.425895955439323187e+08 1.197452300852098779e+04
1.735923101812659297e+00 1.425693220029582679e+08 1.197357582882265888e+04
1.736100808360788506e+00 1.425812514555426836e+08 1.197407813229960811e+04
1.736278514901641756e+00 1.425568875460383594e+08 1.197308853643305883e+04
1.736456221457046922e+00 1.425707899049162269e+08 1.197350535555742863e+04
1.736633927997900173e+00 1.425438989254655838e+08 1.197269332593041145e+04
1.736811634546029381e+00 1.425781342441083491e+08 1.197404694084556468e+04
1.736989341094158590e+00 1.425613009299996495e+08 1.197339903237298677e+04
1.737167047642287798e+00 1.426022297846531570e+08 1.197518511393048175e+04
1.737344754183141049e+00 1.425784123454094529e+08 1.197408042871839825e+04
1.737522460731270257e+00 1.425744447826129794e+08 1.197381070162441392e+04
1.737700167279399466e+00 1.425549082166732252e+08 1.197301005973105566e+04
1.737877873827528674e+00 1.425968585517954826e+08 1.197467136993133136e+04
1.738055580368381925e+00 1.425593619610930383e+08 1.197333965398422515e+04
1.738233286916511133e+00 1.425615783747370243e+08 1.197332384531266689e+04
1.738410993464640342e+00 1.425750880632070303e+08 1.197386964122964491e+04
1.738588700012769550e+00 1.425694192647538483e+08 1.197360770668621808e+04
1.738766406553622801e+00 1.426091013431950808e+08 1.197530829548503607e+04
1.738944113101752009e+00 1.425538188457978070e+08 1.197304922847786111e+04
1.739121819649881218e+00 1.425776908601650298e+08 1.197408534049256741e+04
1.739299526190734468e+00 1.425872047936325073e+08 1.197434274458175241e+04
1.739477232738863677e+00 1.425770461947337687e+08 1.197402072636183038e+04
1.739654939279716928e+00 1.425972429150512218e+08 1.197493142369145244e+04
1.739832645835122094e+00 1.425986188112215400e+08 1.197496482879284849e+04
1.740010352375975344e+00 1.425779720699911416e+08 1.197388570625156171e+04
1.740188058924104553e+00 1.425868751239396930e+08 1.197434304325211269e+04
1.740365765472233761e+00 1.425819521079820096e+08 1.197422417070302981e+04
1.740543472013087012e+00 1.425814936781892180e+08 1.197408088040368420e+04
1.740721178561216220e+00 1.425641691637478471e+08 1.197365169604714902e+04
1.740898885102069471e+00 1.425957834286972582e+08 1.197471166164698479e+04
1.741076591657474637e+00 1.425321313978198767e+08 1.197199907201820679e+04
1.741254298198327888e+00 1.426016424665412605e+08 1.197508281753577830e+04
1.741432004739181139e+00 1.425911183454890847e+08 1.197447042013137070e+04
1.741609711287310347e+00 1.425796480319296718e+08 1.197406091969408590e+04
1.741787417835439555e+00 1.426101072925890386e+08 1.197531452477463972e+04
1.741965124383568764e+00 1.425673812198286057e+08 1.197360152336471765e+04
1.742142830924422015e+00 1.425924027310396135e+08 1.197464255802434309e+04
1.742320537472551223e+00 1.425813663195645809e+08 1.197415329633605143e+04
1.742498244020680431e+00 1.425794906359223127e+08 1.197419472233571651e+04
1.742675950561533682e+00 1.425896501946835220e+08 1.197438760124937107e+04
1.742853657102386933e+00 1.425990498253327012e+08 1.197522367161204966e+04
1.743031363650516141e+00 1.425928758369915187e+08 1.197473805666787121e+04
1.743209070198645350e+00 1.425821380366233587e+08 1.197443474215545211e+04
1.743386776739498600e+00 1.425796991527995467e+08 1.197410103746560708e+04
1.743564483287627809e+00 1.425576111190405786e+08 1.197330835022671999e+04
1.743742189835757017e+00 1.425818378051760197e+08 1.197425293261624392e+04
1.743919896376610268e+00 1.425322218941763341e+08 1.197204122401327913e+04
1.744097602924739476e+00 1.425689622748155594e+08 1.197365569785837579e+04
1.744275309465592727e+00 1.425294329111943841e+08 1.197206163762854703e+04
1.744453016013721935e+00 1.425675405420548618e+08 1.197354539490727984e+04
1.744630722561851144e+00 1.425519798880032301e+08 1.197303062775935177e+04
1.744808429102704395e+00 1.425600063841690719e+08 1.197327607036894915e+04
1.744986135643557645e+00 1.425666911161289811e+08 1.197360762664579124e+04
1.745163842191686854e+00 1.425470818110229373e+08 1.197282634768508251e+04
1.745341548739816062e+00 1.425969661713374555e+08 1.197494075507428352e+04
1.745519255280669313e+00 1.426105431301650405e+08 1.197549296002614938e+04
1.745696961828798521e+00 1.425624078731852472e+08 1.197356693487755365e+04
1.745874668376927730e+00 1.425728496124212742e+08 1.197381094466645118e+04
1.746052374917780980e+00 1.426190670656030774e+08 1.197596445709192631e+04
1.746230081458634231e+00 1.425409120808881819e+08 1.197275078649586612e+04
1.746407788006763440e+00 1.425695220909677148e+08 1.197378954490762953e+04
1.746585494554892648e+00 1.425680774332616031e+08 1.197383169232035107e+04
1.746763201095745899e+00 1.426222197839654088e+08 1.197587776614968607e+04
1.746940907636599150e+00 1.425405736678418219e+08 1.197256598068021412e+04
1.747118614184728358e+00 1.425684506360969841e+08 1.197365247155581710e+04
1.747296320732857566e+00 1.425510855679752231e+08 1.197286768426320305e+04
1.747474027273710817e+00 1.425445363628928959e+08 1.197265697778696995e+04
1.747651733814564068e+00 1.425653680497173071e+08 1.197358928315977028e+04
1.747829440362693276e+00 1.425495883698554337e+08 1.197269515882481573e+04
1.748007146903546527e+00 1.425749609389048815e+08 1.197377864939342544e+04
1.748184853451675735e+00 1.425516299295980930e+08 1.197313391365581629e+04
1.748362559992528986e+00 1.425401872629984319e+08 1.197255849869924896e+04
1.748540266540658195e+00 1.425470239995794296e+08 1.197288264914414322e+04
1.748717973081511445e+00 1.426155561093469560e+08 1.197560513188320510e+04
1.748895679622364696e+00 1.425768055856458545e+08 1.197407560500966974e+04
1.749073386177769862e+00 1.425296890709580183e+08 1.197213046449192734e+04
1.749251092718623113e+00 1.425802331439976394e+08 1.197420639908982048e+04
1.749428799259476364e+00 1.425585734326744676e+08 1.197332621137710339e+04
1.749606505800329614e+00 1.425703069816967547e+08 1.197377963622570678e+04
1.749784212348458823e+00 1.425809541049354672e+08 1.197415351979546540e+04
1.749961918889312074e+00 1.425682389916957617e+08 1.197385218497780079e+04
1.750139625437441282e+00 1.425574920663810074e+08 1.197337426978921212e+04
1.750317331978294533e+00 1.425722034645396471e+08 1.197387531955061786e+04
1.750495038526423741e+00 1.425629333333075345e+08 1.197353086999856714e+04
1.750672745067276992e+00 1.425758527124842405e+08 1.197406404250661944e+04
1.750850451608130243e+00 1.425579202234663665e+08 1.197340927405208276e+04
1.751028158156259451e+00 1.425704754812265337e+08 1.197372272079230606e+04
1.751205864697112702e+00 1.425672635822812915e+08 1.197375039877474046e+04
1.751383571237965953e+00 1.425605068861711323e+08 1.197352666890666842e+04
1.751561277786095161e+00 1.425889864105328918e+08 1.197481301220828755e+04
1.751738984326948412e+00 1.425854129207978547e+08 1.197453368738559766e+04
1.751916690875077620e+00 1.425378301188961864e+08 1.197262229579614905e+04
1.752094397415930871e+00 1.425852725294144154e+08 1.197448469949355786e+04
1.752272103956784122e+00 1.425864860271366537e+08 1.197456797894341435e+04
1.752449810504913330e+00 1.425690393813323975e+08 1.197392038958690136e+04
1.752627517045766581e+00 1.425815434891620576e+08 1.197442747808952663e+04
1.752805223586619832e+00 1.425844913956062198e+08 1.197466171246807608e+04
1.752982930127473082e+00 1.425607211433589756e+08 1.197347644137520729e+04
1.753160636675602291e+00 1.425449255023764670e+08 1.197284820436708287e+04
1.753338343216455542e+00 1.425561916152720451e+08 1.197317879748305313e+04
1.753516049757308792e+00 1.425606335516692102e+08 1.197353910410203753e+04
1.753693756298162043e+00 1.425594434305712581e+08 1.197338055792606428e+04
1.753871462846291251e+00 1.425556247022169530e+08 1.197316850313552823e+04
1.754226875935273711e+00 1.425283203583036065e+08 1.197212856826533789e+04
1.754404582483402919e+00 1.425648697817895114e+08 1.197359237903474059e+04
1.754582289024256170e+00 1.425916824256604314e+08 1.197486874108296797e+04
1.754759995565109421e+00 1.425925976299714148e+08 1.197479166517611520e+04
1.754937702105962671e+00 1.425493708248372078e+08 1.197314936721591039e+04
1.755115408654091880e+00 1.426030446956344843e+08 1.197526427145942216e+04
1.755293115194945130e+00 1.425850971444675624e+08 1.197458608689212633e+04
1.755470821735798381e+00 1.425782594377372861e+08 1.197433483096315285e+04
1.755648528276651632e+00 1.425586943778118193e+08 1.197349393149615753e+04
1.755826234824780840e+00 1.425714256021552682e+08 1.197380943165703866e+04
1.756003941365634091e+00 1.425786927347652018e+08 1.197444759018568402e+04
1.756181647906487342e+00 1.425796820196425915e+08 1.197442742082110090e+04
1.756359354447340593e+00 1.425823698923876882e+08 1.197440731803523704e+04
1.756537060995469801e+00 1.425951293283629119e+08 1.197494529148599213e+04
1.756714767536323052e+00 1.425655264194536805e+08 1.197364898046258531e+04
1.756892474069900345e+00 1.425483810191527307e+08 1.197297570885834284e+04
1.757070180610753596e+00 1.425930846146914363e+08 1.197482460401632306e+04
1.757247887158882804e+00 1.425921724528578222e+08 1.197489303367843422e+04
1.757425593699736055e+00 1.425506821172060370e+08 1.197320814550973773e+04
1.757603300240589306e+00 1.425978007733297348e+08 1.197526498594274926e+04
1.757781006788718514e+00 1.425746481298448145e+08 1.197416594127119606e+04
1.757958713329571765e+00 1.425821601781957150e+08 1.197441704464854047e+04
1.758136419870425016e+00 1.425677838950799406e+08 1.197363401636494200e+04
1.758314126411278266e+00 1.425647094973859191e+08 1.197383499643333380e+04
1.758491832959407475e+00 1.425818190789986551e+08 1.197438563838817026e+04
1.758669539500260726e+00 1.425573193305661082e+08 1.197341321713828620e+04
1.758847246041113976e+00 1.425615575922348499e+08 1.197350364038624321e+04
1.759024952581967227e+00 1.425858314405735433e+08 1.197464482039210634e+04
1.759202659130096436e+00 1.425811603905334473e+08 1.197443194386688265e+04
1.759380365663673729e+00 1.425312890123653710e+08 1.197239092611937303e+04
1.759558072204526979e+00 1.425512504991241693e+08 1.197331529034515188e+04
1.759735778752656188e+00 1.425954641332118809e+08 1.197486275934624246e+04
1.759913485293509439e+00 1.425750003669875860e+08 1.197408538155961469e+04
1.760091191834362689e+00 1.425932654474429488e+08 1.197493662332418717e+04
1.760268898375215940e+00 1.426239018363852799e+08 1.197608418187002826e+04
1.760446604923345149e+00 1.425409533043505549e+08 1.197262865766554751e+04
1.760624311464198399e+00 1.425364412105963528e+08 1.197264246940573503e+04
1.760802017997775692e+00 1.425498380751422048e+08 1.197300512122778855e+04
1.760979724538628943e+00 1.425916454021491110e+08 1.197513157222634982e+04
1.761157431086758152e+00 1.425524595015841126e+08 1.197336909805532741e+04
1.761335137627611402e+00 1.425686721722189188e+08 1.197392740250469251e+04
1.761512844168464653e+00 1.425776487207834423e+08 1.197418506244844866e+04
1.761690550709317904e+00 1.425367231980589032e+08 1.197262471330388871e+04
1.761868257250171155e+00 1.425907529941515028e+08 1.197493589452738343e+04
1.762045963791024406e+00 1.425791999009199142e+08 1.197450217032709952e+04
1.762223670331877656e+00 1.425599046978021562e+08 1.197347919725157954e+04
1.762401376872730907e+00 1.425611722837507129e+08 1.197363721900002929e+04
1.762579083420860115e+00 1.425696257655404210e+08 1.197406044887715325e+04
1.762756789954437409e+00 1.425616274765218198e+08 1.197362694329746409e+04
1.762934496495290659e+00 1.425662261432656646e+08 1.197396318054863696e+04
1.763112203043419868e+00 1.425590565688572824e+08 1.197349226777298281e+04
1.763289909584273119e+00 1.425648897047936320e+08 1.197377845005249583e+04
1.763467616125126369e+00 1.425487026010906994e+08 1.197304223176523556e+04
1.763645322658703662e+00 1.425469429603722692e+08 1.197309197229192432e+04
1.763823029206832871e+00 1.425716077749409080e+08 1.197416217528450761e+04
1.764000735747686122e+00 1.425392130494118035e+08 1.197268649725807882e+04
1.764178442288539372e+00 1.425520567001796961e+08 1.197332662102899849e+04
1.764356148822116666e+00 1.425921010850655138e+08 1.197502640563185923e+04
1.764533855370245874e+00 1.425550611896885037e+08 1.197339292290903722e+04
1.764711561911099125e+00 1.425778881240562499e+08 1.197437002775515612e+04
1.764889268451952375e+00 1.425741342001543045e+08 1.197420132219699008e+04
1.765066974992805626e+00 1.425590544619689882e+08 1.197348012414982259e+04
1.765244681533658877e+00 1.425690223398486972e+08 1.197405301560371481e+04
1.765422388074512128e+00 1.425418960521857738e+08 1.197298497749367380e+04
1.765600094615365379e+00 1.425556048469356000e+08 1.197336375090034380e+04
1.765777801148942672e+00 1.425352715956214666e+08 1.197254333895907621e+04
1.765955507697071880e+00 1.425761338642573655e+08 1.197423213365846459e+04
1.766133214237925131e+00 1.425637540623618364e+08 1.197385223077066621e+04
1.766310920771502424e+00 1.425881063136722147e+08 1.197471761312443596e+04
1.766488627319631632e+00 1.425588135480559468e+08 1.197365244175154658e+04
1.766666333860484883e+00 1.425592716593722105e+08 1.197394836586371275e+04
1.766844040394062176e+00 1.425776138082427382e+08 1.197437207337133623e+04
1.767021746934915427e+00 1.425672344058032036e+08 1.197402051798763932e+04
1.767199453483044636e+00 1.425932110719343722e+08 1.197525328187457853e+04
1.767377160016621929e+00 1.425777218859583735e+08 1.197464635931376870e+04
1.767554866557475179e+00 1.425421104120714962e+08 1.197287505825263361e+04
1.767732573098328430e+00 1.425650129733675718e+08 1.197398647884449747e+04
1.767910279639181681e+00 1.425025532568106353e+08 1.197127398944195738e+04
1.768087986180034932e+00 1.425657286224527955e+08 1.197381688443342500e+04
1.768265692720888183e+00 1.425594226725736856e+08 1.197369455573202504e+04
1.768443399261741433e+00 1.425490433716966808e+08 1.197331349291835795e+04
1.768621105802594684e+00 1.425472254472540021e+08 1.197321478193979601e+04
1.768798812343447935e+00 1.425688064764246047e+08 1.197393936430314352e+04
1.768976518877025228e+00 1.425989522470678687e+08 1.197529111956030829e+04
1.769154225425154436e+00 1.425170057210145891e+08 1.197175075151125930e+04
1.769331931966007687e+00 1.425217683332387805e+08 1.197211209544248231e+04
1.769509638499584980e+00 1.426007965338035524e+08 1.197531581178250599e+04
1.769687345040438231e+00 1.425512923017843366e+08 1.197343866853475265e+04
1.769865051581291482e+00 1.425867650480874777e+08 1.197464953311604586e+04
1.770042758122144733e+00 1.425458865692929924e+08 1.197305166249159447e+04
1.770220464662997983e+00 1.425586897240281701e+08 1.197362186289054443e+04
1.770398171196575277e+00 1.425611729269834459e+08 1.197372471117569330e+04
1.770575877744704485e+00 1.425458303178918362e+08 1.197302765534633545e+04
1.770753584278281778e+00 1.425684325586583912e+08 1.197398444082849164e+04
1.770931290819135029e+00 1.425422555676263571e+08 1.197293358105169682e+04
1.771108997352712322e+00 1.425512494303106368e+08 1.197337440868305384e+04
1.771286703900841530e+00 1.425314936358399987e+08 1.197271467897546427e+04
1.771464410441694781e+00 1.425679068904286623e+08 1.197406542393669952e+04
1.771642116975272074e+00 1.425574663527986407e+08 1.197341676092581110e+04
1.771819823523401283e+00 1.425426535074093938e+08 1.197301740973182132e+04
1.771997530056978576e+00 1.425730374963296354e+08 1.197422129288310680e+04
1.772175236597831827e+00 1.425723714143857360e+08 1.197440478640956280e+04
1.772352943131409120e+00 1.425514319297952354e+08 1.197335044401679443e+04
1.772530649679538328e+00 1.425740776496526003e+08 1.197439113852373703e+04
1.772708356213115621e+00 1.425372443842240870e+08 1.197275430868419971e+04
1.772886062753968872e+00 1.425436122574727535e+08 1.197305415810082559e+04
